0
0
0
0
0
0
0
0
237
200
212
0
0
0
0
0
0
0
0
0
0
0
0
0
0
0
0
0
0
0
0
0
0
0
0
0
0
0
0
0
240
188
179
229
0
0
0
0
0
0
0
0
0
0
0
0
0
214
200
229
0
0
0
0
0
0
0
0
0
0
0
0
0
189
149
194
0
0
0
0
0
0
0
0
0
0
0
0
206
148
122
174
0
0
0
0
0
0
0
0
0
0
0
0
0
190
136
151
218
0
0
0
0
0
0
0
0
0
0
208
160
135
114
142
222
0
0
0
0
0
0
0
0
0
0
0
235
184
140
133
175
226
0
0
0
0
0
0
0
0
202
154
138
133
114
133
211
0
0
0
0
0
0
0
0
0
0
0
221
169
153
156
160
178
199
213
218
220
223
224
224
197
144
124
124
114
107
130
205
0
0
0
0
0
0
0
0
0
0
0
202
171
172
178
168
156
158
167
174
175
174
171
159
137
118
122
104
86
96
131
206
0
0
0
0
0
0
0
0
0
233
211
191
189
187
175
161
153
154
159
165
165
163
154
134
111
117
123
85
66
97
147
217
0
0
0
0
0
0
0
0
218
201
190
191
200
194
172
151
150
157
161
163
164
166
164
155
132
120
103
65
74
118
171
232
0
0
0
0
0
0
0
216
196
195
195
197
201
192
166
149
155
165
168
164
157
159
163
168
162
136
90
67
101
130
176
239
0
0
0
0
0
0
231
198
194
184
166
172
188
180
154
146
165
180
188
179
159
151
160
167
171
163
131
114
124
127
172
239
0
0
0
0
0
0
220
203
204
154
92
109
165
176
157
156
179
193
183
177
174
159
156
162
169
176
174
160
135
118
168
240
0
0
0
0
0
0
219
225
210
129
54
85
162
184
174
171
181
170
143
120
135
159
157
161
168
175
180
177
147
120
172
0
0
0
0
0
0
236
222
229
199
140
106
138
181
190
186
172
133
114
109
58
52
112
161
166
169
172
173
174
159
145
194
0
0
0
0
0
0
232
225
221
194
177
179
187
193
193
189
172
107
80
80
35
48
127
174
178
179
177
176
174
163
161
206
0
0
0
0
0
0
228
224
225
213
201
199
196
194
195
189
174
148
127
112
102
136
176
190
195
192
187
187
183
173
163
193
0
0
0
0
0
0
224
223
206
162
136
142
164
189
198
191
178
174
170
163
163
172
183
196
204
195
186
189
190
185
171
185
232
0
0
0
0
240
217
214
136
42
36
45
81
157
202
199
186
182
186
186
182
181
187
195
201
202
197
196
195
190
177
188
232
0
0
0
0
236
214
205
119
28
15
11
43
135
200
202
190
189
197
200
201
196
192
196
200
200
198
194
191
184
172
189
235
0
0
0
0
232
213
191
113
41
26
27
66
141
184
189
185
187
194
196
199
202
199
196
195
192
187
184
181
173
161
188
239
0
0
0
0
231
204
176
112
56
40
58
107
154
174
180
179
183
190
189
190
193
196
192
189
185
180
178
177
167
158
195
0
0
0
0
0
232
209
177
114
63
51
67
105
147
167
171
169
169
179
181
182
183
181
182
181
178
179
182
180
166
162
208
0
0
0
0
0
236
212
196
135
58
36
44
71
117
144
144
133
136
160
175
175
174
177
180
178
182
191
191
184
166
171
222
0
0
0
0
0
0
211
207
171
102
59
52
57
77
98
97
93
120
159
175
174
177
181
183
182
188
190
188
178
165
188
238
0
0
0
0
0
0
214
208
194
161
122
111
112
105
106
112
126
155
174
175
174
179
180
181
185
185
183
178
165
165
209
0
0
0
0
0
0
0
222
203
198
188
172
163
165
163
159
163
170
175
174
172
172
175
179
184
187
182
175
168
155
174
230
0
0
0
0
0
0
0
234
200
195
194
190
184
180
178
175
174
172
168
168
169
175
181
184
187
185
180
172
160
155
193
0
0
0
0
0
0
0
0
0
212
189
191
189
184
181
176
171
169
168
166
165
171
184
189
189
184
177
176
169
159
173
223
0
0
0
0
0
0
0
0
0
236
198
182
184
183
180
175
172
170
168
167
166
174
183
185
181
178
176
172
165
176
214
0
0
0
0
0
0
0
0
0
0
0
229
196
177
174
178
177
172
169
168
167
164
166
167
168
170
167
169
170
187
219
0
0
0
0
0
0
0
0
0
0
0
0
0
234
203
175
163
164
165
163
160
159
157
158
155
158
167
173
189
208
234
0
0
0
0
0
0
0
0
0
0
0
0
0
0
0
0
221
194
174
156
147
148
150
154
159
173
194
210
223
237
0
0
0
0
0
0
0
0
0
0
0
